Max solution 0
BC: [1, 1, 1, 1, 1, 2, 2, 2, 2, 2, 3, 3, 3, 3, 3, 4, 4, 4, 4, 4, 5, 5, 5, 5, 5], H:, LD:, n_ops: 
BC: [1, 1, 1, 1, 1, 2, 2, 2, 2, 2, 3, 3, 3, 3, 4, 4, 4, 4, 4, 5, 5, 5, 5, 5], H: [4, 1, 5, 2, 3, 3], LD: 3, n_ops: 6
BC: [1, 1, 1, 1, 1, 2, 2, 2, 2, 2, 3, 3, 3, 3, 4, 4, 4, 4, 5, 5, 5, 5, 5], H: [5, 4, 1, 4], LD: 4, n_ops: 10
BC: [1, 1, 1, 1, 2, 2, 2, 2, 2, 3, 3, 3, 3, 4, 4, 4, 4, 5, 5, 5, 5, 5], H: [3, 4, 1, 1], LD: 1, n_ops: 14
BC: [1, 1, 1, 1, 2, 2, 2, 2, 3, 3, 3, 3, 4, 4, 4, 4, 5, 5, 5, 5, 5], H: [2, 1, 1, 5, 4, 2], LD: 2, n_ops: 20
BC: [1, 1, 1, 1, 2, 2, 2, 2, 3, 3, 3, 3, 4, 4, 4, 4, 5, 5, 5, 5], H: [2, 2, 1, 2, 5, 5], LD: 5, n_ops: 26
BC: [1, 1, 1, 2, 2, 2, 2, 3, 3, 3, 3, 4, 4, 4, 4, 5, 5, 5, 5], H: [1, 3, 5, 1], LD: 1, n_ops: 30
BC: [1, 1, 1, 2, 2, 2, 2, 3, 3, 3, 3, 4, 4, 4, 5, 5, 5, 5], H: [5, 1, 3, 2, 4, 1, 4], LD: 4, n_ops: 37
BC: [1, 1, 1, 2, 2, 2, 2, 3, 3, 3, 4, 4, 4, 5, 5, 5, 5], H: [3, 4, 4, 1, 3], LD: 3, n_ops: 42
BC: [1, 1, 1, 2, 2, 2, 2, 3, 3, 3, 4, 4, 5, 5, 5, 5], H: [2, 3, 5, 4, 3, 4], LD: 4, n_ops: 48
BC: [1, 1, 1, 2, 2, 2, 2, 3, 3, 4, 4, 5, 5, 5, 5], H: [5, 3, 2, 3], LD: 3, n_ops: 52
BC: [1, 1, 1, 2, 2, 2, 3, 3, 4, 4, 5, 5, 5, 5], H: [4, 3, 5, 1, 2, 2], LD: 2, n_ops: 58
BC: [1, 1, 2, 2, 2, 3, 3, 4, 4, 5, 5, 5, 5], H: [2, 3, 1, 5, 1], LD: 1, n_ops: 63
BC: [1, 1, 2, 2, 2, 3, 4, 4, 5, 5, 5, 5], H: [5, 2, 3, 3], LD: 3, n_ops: 67
BC: [1, 1, 2, 2, 2, 3, 4, 4, 5, 5, 5], H: [4, 3, 2, 5, 5], LD: 5, n_ops: 72
BC: [1, 1, 2, 2, 3, 4, 4, 5, 5, 5], H: [4, 1, 3, 2, 2], LD: 2, n_ops: 77
BC: [1, 2, 2, 3, 4, 4, 5, 5, 5], H: [1, 2, 4, 5, 2, 1], LD: 1, n_ops: 83
BC: [1, 2, 2, 3, 4, 4, 5, 5], H: [1, 2, 3, 4, 5, 5], LD: 5, n_ops: 89
BC: [1, 2, 2, 3, 4, 5, 5], H: [2, 1, 4, 4], LD: 4, n_ops: 93
BC: [1, 2, 3, 4, 5, 5], H: [3, 2, 1, 5, 4, 2], LD: 2, n_ops: 99
BC: [1, 2, 3, 4, 5], H: [1, 4, 2, 5, 5], LD: 5, n_ops: 104
BC: [1, 2, 4, 5], H: [3, 4, 1, 5, 2], LD: 3, n_ops: 109
BC: [1, 2, 4], H: [5], LD: 5, n_ops: 110
BC: [1, 4], H: [2], LD: 2, n_ops: 111
BC: [4], H: [1], LD: 1, n_ops: 112
BC: [], H: [4], LD: 4, n_ops: 113
=========================
Max solution 1
BC: [1, 1, 1, 1, 1, 2, 2, 2, 2, 2, 3, 3, 3, 3, 3, 4, 4, 4, 4, 4, 5, 5, 5, 5, 5], H:, LD:, n_ops: 
BC: [1, 1, 1, 1, 2, 2, 2, 2, 2, 3, 3, 3, 3, 3, 4, 4, 4, 4, 4, 5, 5, 5, 5, 5], H: [2, 1, 4, 3, 1], LD: 1, n_ops: 5
BC: [1, 1, 1, 1, 2, 2, 2, 2, 2, 3, 3, 3, 3, 3, 4, 4, 4, 4, 5, 5, 5, 5, 5], H: [1, 4, 5, 3, 2, 1, 4], LD: 4, n_ops: 12
BC: [1, 1, 1, 2, 2, 2, 2, 2, 3, 3, 3, 3, 3, 4, 4, 4, 4, 5, 5, 5, 5, 5], H: [3, 1, 2, 4, 1], LD: 1, n_ops: 17
BC: [1, 1, 1, 2, 2, 2, 2, 2, 3, 3, 3, 3, 4, 4, 4, 4, 5, 5, 5, 5, 5], H: [4, 3, 1, 1, 3], LD: 3, n_ops: 22
BC: [1, 1, 1, 2, 2, 2, 2, 3, 3, 3, 3, 4, 4, 4, 4, 5, 5, 5, 5, 5], H: [4, 3, 2, 5, 1, 2], LD: 2, n_ops: 28
BC: [1, 1, 1, 2, 2, 2, 2, 3, 3, 3, 3, 4, 4, 4, 4, 5, 5, 5, 5], H: [5, 3, 1, 5], LD: 5, n_ops: 32
BC: [1, 1, 1, 2, 2, 2, 3, 3, 3, 3, 4, 4, 4, 4, 5, 5, 5, 5], H: [5, 2, 5, 3, 1, 4, 5, 2], LD: 2, n_ops: 40
BC: [1, 1, 1, 2, 2, 2, 3, 3, 3, 3, 4, 4, 4, 5, 5, 5, 5], H: [3, 2, 4, 4], LD: 4, n_ops: 44
BC: [1, 1, 2, 2, 2, 3, 3, 3, 3, 4, 4, 4, 5, 5, 5, 5], H: [3, 4, 2, 5, 1, 1], LD: 1, n_ops: 50
BC: [1, 1, 2, 2, 3, 3, 3, 3, 4, 4, 4, 5, 5, 5, 5], H: [3, 2, 5, 4, 2], LD: 2, n_ops: 55
BC: [1, 1, 2, 2, 3, 3, 3, 3, 4, 4, 4, 5, 5, 5], H: [5, 3, 4, 2, 1, 2, 5], LD: 5, n_ops: 62
BC: [1, 1, 2, 2, 3, 3, 3, 4, 4, 4, 5, 5, 5], H: [3, 5, 4, 3], LD: 3, n_ops: 66
BC: [1, 2, 2, 3, 3, 3, 4, 4, 4, 5, 5, 5], H: [3, 5, 2, 1, 3, 4, 1], LD: 1, n_ops: 73
BC: [1, 2, 2, 3, 3, 3, 4, 4, 4, 5, 5], H: [2, 3, 5, 5], LD: 5, n_ops: 77
BC: [1, 2, 2, 3, 3, 4, 4, 4, 5, 5], H: [4, 5, 3, 2, 5, 3], LD: 3, n_ops: 83
BC: [1, 2, 2, 3, 3, 4, 4, 5, 5], H: [4, 5, 3, 4], LD: 4, n_ops: 87
BC: [1, 2, 2, 3, 4, 4, 5, 5], H: [4, 1, 3, 2, 3], LD: 3, n_ops: 92
BC: [1, 2, 3, 4, 4, 5, 5], H: [2, 3, 1, 4, 5, 2], LD: 2, n_ops: 98
BC: [1, 2, 3, 4, 5, 5], H: [2, 3, 1, 4, 4], LD: 4, n_ops: 103
BC: [1, 2, 3, 4, 5], H: [1, 4, 5, 3, 2, 5], LD: 5, n_ops: 109
BC: [1, 3, 4, 5], H: [5, 2, 1, 3, 4], LD: 2, n_ops: 114
BC: [3, 4, 5], H: [1], LD: 1, n_ops: 115
BC: [4, 5], H: [3], LD: 3, n_ops: 116
BC: [5], H: [4], LD: 4, n_ops: 117
BC: [], H: [5], LD: 5, n_ops: 118
=========================
Max solution 2
BC: [1, 1, 1, 1, 1, 2, 2, 2, 2, 2, 3, 3, 3, 3, 3, 4, 4, 4, 4, 4, 5, 5, 5, 5, 5], H:, LD:, n_ops: 
BC: [1, 1, 1, 1, 1, 2, 2, 2, 2, 2, 3, 3, 3, 3, 4, 4, 4, 4, 4, 5, 5, 5, 5, 5], H: [2, 3, 4, 1, 3], LD: 3, n_ops: 5
BC: [1, 1, 1, 1, 1, 2, 2, 2, 2, 2, 3, 3, 3, 3, 4, 4, 4, 4, 5, 5, 5, 5, 5], H: [4, 1, 4], LD: 4, n_ops: 8
BC: [1, 1, 1, 1, 1, 2, 2, 2, 2, 2, 3, 3, 3, 3, 4, 4, 4, 4, 5, 5, 5, 5], H: [3, 2, 4, 5, 5], LD: 5, n_ops: 13
BC: [1, 1, 1, 1, 1, 2, 2, 2, 2, 3, 3, 3, 3, 4, 4, 4, 4, 5, 5, 5, 5], H: [4, 3, 5, 5, 1, 2, 2], LD: 2, n_ops: 20
BC: [1, 1, 1, 1, 2, 2, 2, 2, 3, 3, 3, 3, 4, 4, 4, 4, 5, 5, 5, 5], H: [5, 4, 2, 3, 2, 1, 1], LD: 1, n_ops: 27
BC: [1, 1, 1, 1, 2, 2, 2, 2, 3, 3, 3, 4, 4, 4, 4, 5, 5, 5, 5], H: [3, 1, 4, 5, 2, 1, 1, 1, 3], LD: 3, n_ops: 36
BC: [1, 1, 1, 1, 2, 2, 2, 2, 3, 3, 3, 4, 4, 4, 4, 5, 5, 5], H: [1, 5, 4, 2, 5], LD: 5, n_ops: 41
BC: [1, 1, 1, 2, 2, 2, 2, 3, 3, 3, 4, 4, 4, 4, 5, 5, 5], H: [5, 1, 1], LD: 1, n_ops: 44
BC: [1, 1, 1, 2, 2, 2, 3, 3, 3, 4, 4, 4, 4, 5, 5, 5], H: [2, 2], LD: 2, n_ops: 46
BC: [1, 1, 1, 2, 2, 2, 3, 3, 3, 4, 4, 4, 4, 5, 5], H: [2, 4, 5, 3, 2, 5], LD: 5, n_ops: 52
BC: [1, 1, 1, 2, 2, 3, 3, 3, 4, 4, 4, 4, 5, 5], H: [2, 5, 4, 3, 1, 2], LD: 2, n_ops: 58
BC: [1, 1, 2, 2, 3, 3, 3, 4, 4, 4, 4, 5, 5], H: [1, 4, 1], LD: 1, n_ops: 61
BC: [1, 1, 2, 3, 3, 3, 4, 4, 4, 4, 5, 5], H: [5, 1, 2, 4, 3, 2], LD: 2, n_ops: 67
BC: [1, 1, 2, 3, 3, 3, 4, 4, 4, 5, 5], H: [5, 4, 2, 3, 4], LD: 4, n_ops: 72
BC: [1, 2, 3, 3, 3, 4, 4, 4, 5, 5], H: [4, 2, 3, 5, 1, 4, 1], LD: 1, n_ops: 79
BC: [1, 2, 3, 3, 4, 4, 4, 5, 5], H: [5, 4, 3, 2, 3], LD: 3, n_ops: 84
BC: [1, 2, 3, 3, 4, 4, 5, 5], H: [1, 5, 4, 3, 2, 4], LD: 4, n_ops: 90
BC: [1, 2, 3, 4, 4, 5, 5], H: [3, 1, 5, 2, 4, 3], LD: 3, n_ops: 96
BC: [1, 2, 3, 4, 5, 5], H: [5, 2, 4, 1, 4], LD: 4, n_ops: 101
BC: [1, 2, 3, 4, 5], H: [3, 2, 1, 4, 5, 5], LD: 5, n_ops: 107
BC: [2, 3, 4, 5], H: [1, 2, 3, 5, 4], LD: 1, n_ops: 112
BC: [3, 4, 5], H: [2], LD: 2, n_ops: 113
BC: [3, 4], H: [5], LD: 5, n_ops: 114
BC: [4], H: [3], LD: 3, n_ops: 115
BC: [], H: [4], LD: 4, n_ops: 116
=========================
Max solution 3
BC: [1, 1, 1, 1, 1, 2, 2, 2, 2, 2, 3, 3, 3, 3, 3, 4, 4, 4, 4, 4, 5, 5, 5, 5, 5], H:, LD:, n_ops: 
BC: [1, 1, 1, 1, 2, 2, 2, 2, 2, 3, 3, 3, 3, 3, 4, 4, 4, 4, 4, 5, 5, 5, 5, 5], H: [2, 1, 3, 1], LD: 1, n_ops: 4
BC: [1, 1, 1, 1, 2, 2, 2, 2, 2, 3, 3, 3, 3, 4, 4, 4, 4, 4, 5, 5, 5, 5, 5], H: [2, 5, 1, 1, 3, 3], LD: 3, n_ops: 10
BC: [1, 1, 1, 2, 2, 2, 2, 2, 3, 3, 3, 3, 4, 4, 4, 4, 4, 5, 5, 5, 5, 5], H: [2, 3, 1, 3, 3, 5, 1], LD: 1, n_ops: 17
BC: [1, 1, 1, 2, 2, 2, 2, 2, 3, 3, 3, 4, 4, 4, 4, 4, 5, 5, 5, 5, 5], H: [1, 3, 2, 5, 4, 3], LD: 3, n_ops: 23
BC: [1, 1, 1, 2, 2, 2, 2, 2, 3, 3, 3, 4, 4, 4, 4, 5, 5, 5, 5, 5], H: [3, 3, 5, 2, 1, 4, 4], LD: 4, n_ops: 30
BC: [1, 1, 1, 2, 2, 2, 2, 3, 3, 3, 4, 4, 4, 4, 5, 5, 5, 5, 5], H: [4, 4, 2, 1, 5, 4, 2], LD: 2, n_ops: 37
BC: [1, 1, 1, 2, 2, 2, 2, 3, 3, 3, 4, 4, 4, 4, 5, 5, 5, 5], H: [4, 5, 1, 5], LD: 5, n_ops: 41
BC: [1, 1, 1, 2, 2, 2, 2, 3, 3, 3, 4, 4, 4, 5, 5, 5, 5], H: [5, 4, 3, 1, 5, 4], LD: 4, n_ops: 47
BC: [1, 1, 1, 2, 2, 2, 3, 3, 3, 4, 4, 4, 5, 5, 5, 5], H: [2, 3, 1, 2], LD: 2, n_ops: 51
BC: [1, 1, 1, 2, 2, 2, 3, 3, 3, 4, 4, 4, 5, 5, 5], H: [2, 1, 5, 4, 2, 3, 2, 5], LD: 5, n_ops: 59
BC: [1, 1, 1, 2, 2, 2, 3, 3, 4, 4, 4, 5, 5, 5], H: [5, 2, 5, 4, 3, 1, 3], LD: 3, n_ops: 66
BC: [1, 1, 2, 2, 2, 3, 3, 4, 4, 4, 5, 5, 5], H: [1, 5, 3, 2, 1], LD: 1, n_ops: 71
BC: [1, 1, 2, 2, 3, 3, 4, 4, 4, 5, 5, 5], H: [2, 1, 4, 2], LD: 2, n_ops: 75
BC: [1, 1, 2, 2, 3, 4, 4, 4, 5, 5, 5], H: [4, 3, 3], LD: 3, n_ops: 78
BC: [1, 1, 2, 2, 3, 4, 4, 5, 5, 5], H: [2, 4, 1, 5, 4], LD: 4, n_ops: 83
BC: [1, 1, 2, 3, 4, 4, 5, 5, 5], H: [2, 5, 2], LD: 2, n_ops: 86
BC: [1, 1, 2, 3, 4, 4, 5, 5], H: [1, 4, 5, 3, 5], LD: 5, n_ops: 91
BC: [1, 2, 3, 4, 4, 5, 5], H: [3, 1, 5, 1], LD: 1, n_ops: 95
BC: [1, 2, 3, 4, 4, 5], H: [5, 3, 1, 2, 5], LD: 5, n_ops: 100
BC: [1, 2, 3, 4, 5], H: [3, 5, 2, 4, 1, 4], LD: 4, n_ops: 106
BC: [1, 2, 3, 4], H: [5, 3, 2, 4, 1], LD: 5, n_ops: 111
BC: [1, 2, 3], H: [4], LD: 4, n_ops: 112
BC: [2, 3], H: [1], LD: 1, n_ops: 113
BC: [3], H: [2], LD: 2, n_ops: 114
BC: [], H: [3], LD: 3, n_ops: 115
=========================
Max solution 4
BC: [1, 1, 1, 1, 1, 2, 2, 2, 2, 2, 3, 3, 3, 3, 3, 4, 4, 4, 4, 4, 5, 5, 5, 5, 5], H:, LD:, n_ops: 
BC: [1, 1, 1, 1, 1, 2, 2, 2, 2, 2, 3, 3, 3, 3, 3, 4, 4, 4, 4, 4, 5, 5, 5, 5], H: [5, 3, 1, 5], LD: 5, n_ops: 4
BC: [1, 1, 1, 1, 1, 2, 2, 2, 2, 3, 3, 3, 3, 3, 4, 4, 4, 4, 4, 5, 5, 5, 5], H: [4, 1, 3, 2, 2], LD: 2, n_ops: 9
BC: [1, 1, 1, 1, 1, 2, 2, 2, 2, 3, 3, 3, 3, 4, 4, 4, 4, 4, 5, 5, 5, 5], H: [3, 4, 2, 5, 2, 1, 3], LD: 3, n_ops: 16
BC: [1, 1, 1, 1, 1, 2, 2, 2, 3, 3, 3, 3, 4, 4, 4, 4, 4, 5, 5, 5, 5], H: [3, 5, 3, 1, 2, 2], LD: 2, n_ops: 22
BC: [1, 1, 1, 1, 2, 2, 2, 3, 3, 3, 3, 4, 4, 4, 4, 4, 5, 5, 5, 5], H: [1, 4, 3, 2, 1], LD: 1, n_ops: 27
BC: [1, 1, 1, 1, 2, 2, 2, 3, 3, 3, 3, 4, 4, 4, 4, 4, 5, 5, 5], H: [5, 3, 1, 5], LD: 5, n_ops: 31
BC: [1, 1, 1, 2, 2, 2, 3, 3, 3, 3, 4, 4, 4, 4, 4, 5, 5, 5], H: [3, 2, 1, 5, 1], LD: 1, n_ops: 36
BC: [1, 1, 1, 2, 2, 3, 3, 3, 3, 4, 4, 4, 4, 4, 5, 5, 5], H: [1, 2, 3, 5, 2], LD: 2, n_ops: 41
BC: [1, 1, 2, 2, 3, 3, 3, 3, 4, 4, 4, 4, 4, 5, 5, 5], H: [5, 4, 2, 1, 1], LD: 1, n_ops: 46
BC: [1, 1, 2, 2, 3, 3, 3, 3, 4, 4, 4, 4, 5, 5, 5], H: [1, 4, 3, 4], LD: 4, n_ops: 50
BC: [1, 1, 2, 3, 3, 3, 3, 4, 4, 4, 4, 5, 5, 5], H: [5, 2, 4, 3, 1, 4, 2], LD: 2, n_ops: 57
BC: [1, 1, 2, 3, 3, 3, 3, 4, 4, 4, 5, 5, 5], H: [4, 4], LD: 4, n_ops: 59
BC: [1, 1, 2, 3, 3, 3, 4, 4, 4, 5, 5, 5], H: [1, 3, 5, 3], LD: 3, n_ops: 63
BC: [1, 1, 2, 3, 3, 3, 4, 4, 5, 5, 5], H: [3, 3, 2, 3, 1, 4, 4], LD: 4, n_ops: 70
BC: [1, 1, 2, 3, 3, 4, 4, 5, 5, 5], H: [1, 4, 5, 2, 3, 3], LD: 3, n_ops: 76
BC: [1, 1, 2, 3, 3, 4, 5, 5, 5], H: [5, 1, 4, 3, 3, 4], LD: 4, n_ops: 82
BC: [1, 2, 3, 3, 4, 5, 5, 5], H: [5, 4, 1, 1], LD: 1, n_ops: 86
BC: [1, 2, 3, 3, 4, 5, 5], H: [4, 5, 3, 5], LD: 5, n_ops: 90
BC: [1, 2, 3, 4, 5, 5], H: [3, 5, 1, 2, 5, 4, 3], LD: 3, n_ops: 97
BC: [1, 2, 3, 4, 5], H: [1, 5, 3, 2, 4, 5], LD: 5, n_ops: 103
BC: [1, 3, 4, 5], H: [2, 4, 5, 3, 1], LD: 2, n_ops: 108
BC: [3, 4, 5], H: [1], LD: 1, n_ops: 109
BC: [3, 4], H: [5], LD: 5, n_ops: 110
BC: [4], H: [3], LD: 3, n_ops: 111
BC: [], H: [4], LD: 4, n_ops: 112
=========================
Max solution 5
BC: [1, 1, 1, 1, 1, 2, 2, 2, 2, 2, 3, 3, 3, 3, 3, 4, 4, 4, 4, 4, 5, 5, 5, 5, 5], H:, LD:, n_ops: 
BC: [1, 1, 1, 1, 2, 2, 2, 2, 2, 3, 3, 3, 3, 3, 4, 4, 4, 4, 4, 5, 5, 5, 5, 5], H: [4, 2, 1, 1], LD: 1, n_ops: 4
BC: [1, 1, 1, 1, 2, 2, 2, 2, 2, 3, 3, 3, 3, 4, 4, 4, 4, 4, 5, 5, 5, 5, 5], H: [1, 1, 4, 5, 2, 3, 1, 3], LD: 3, n_ops: 12
BC: [1, 1, 1, 1, 2, 2, 2, 2, 3, 3, 3, 3, 4, 4, 4, 4, 4, 5, 5, 5, 5, 5], H: [3, 4, 2, 5, 2], LD: 2, n_ops: 17
BC: [1, 1, 1, 1, 2, 2, 2, 2, 3, 3, 3, 3, 4, 4, 4, 4, 5, 5, 5, 5, 5], H: [2, 2, 5, 4, 2, 1, 4], LD: 4, n_ops: 24
BC: [1, 1, 1, 1, 2, 2, 2, 3, 3, 3, 3, 4, 4, 4, 4, 5, 5, 5, 5, 5], H: [4, 5, 4, 2, 3, 1, 2], LD: 2, n_ops: 31
BC: [1, 1, 1, 1, 2, 2, 2, 3, 3, 3, 3, 4, 4, 4, 5, 5, 5, 5, 5], H: [1, 3, 4, 2, 4], LD: 4, n_ops: 36
BC: [1, 1, 1, 2, 2, 2, 3, 3, 3, 3, 4, 4, 4, 5, 5, 5, 5, 5], H: [2, 5, 4, 3, 1, 1], LD: 1, n_ops: 42
BC: [1, 1, 1, 2, 2, 2, 3, 3, 3, 4, 4, 4, 5, 5, 5, 5, 5], H: [3, 5, 3], LD: 3, n_ops: 45
BC: [1, 1, 1, 2, 2, 3, 3, 3, 4, 4, 4, 5, 5, 5, 5, 5], H: [3, 5, 4, 2, 3, 3, 2], LD: 2, n_ops: 52
BC: [1, 1, 1, 2, 2, 3, 3, 3, 4, 4, 4, 5, 5, 5, 5], H: [4, 3, 5, 1, 2, 5], LD: 5, n_ops: 58
BC: [1, 1, 1, 2, 2, 3, 3, 3, 4, 4, 5, 5, 5, 5], H: [5, 4, 2, 5, 1, 5, 3, 4], LD: 4, n_ops: 66
BC: [1, 1, 1, 2, 2, 3, 3, 3, 4, 4, 5, 5, 5], H: [3, 1, 2, 5, 5], LD: 5, n_ops: 71
BC: [1, 1, 1, 2, 3, 3, 3, 4, 4, 5, 5, 5], H: [1, 2, 4, 5, 2], LD: 2, n_ops: 76
BC: [1, 1, 2, 3, 3, 3, 4, 4, 5, 5, 5], H: [3, 5, 1, 4, 1], LD: 1, n_ops: 81
BC: [1, 1, 2, 3, 3, 4, 4, 5, 5, 5], H: [1, 5, 3, 3], LD: 3, n_ops: 85
BC: [1, 1, 2, 3, 3, 4, 4, 5, 5], H: [5, 1, 5], LD: 5, n_ops: 88
BC: [1, 2, 3, 3, 4, 4, 5, 5], H: [3, 4, 5, 5, 2, 1, 1], LD: 1, n_ops: 95
BC: [1, 2, 3, 3, 4, 5, 5], H: [5, 4, 4], LD: 4, n_ops: 98
BC: [1, 2, 3, 4, 5, 5], H: [4, 1, 3, 5, 3], LD: 3, n_ops: 103
BC: [1, 2, 3, 4, 5], H: [5, 4, 5], LD: 5, n_ops: 106
BC: [1, 2, 4, 5], H: [5, 3, 2, 1, 4], LD: 3, n_ops: 111
BC: [1, 2, 4], H: [5], LD: 5, n_ops: 112
BC: [1, 4], H: [2], LD: 2, n_ops: 113
BC: [1], H: [4], LD: 4, n_ops: 114
BC: [], H: [1], LD: 1, n_ops: 115
=========================
Max solution 6
BC: [1, 1, 1, 1, 1, 2, 2, 2, 2, 2, 3, 3, 3, 3, 3, 4, 4, 4, 4, 4, 5, 5, 5, 5, 5], H:, LD:, n_ops: 
BC: [1, 1, 1, 1, 1, 2, 2, 2, 2, 2, 3, 3, 3, 3, 3, 4, 4, 4, 4, 5, 5, 5, 5, 5], H: [3, 1, 2, 4, 5, 4], LD: 4, n_ops: 6
BC: [1, 1, 1, 1, 1, 2, 2, 2, 2, 3, 3, 3, 3, 3, 4, 4, 4, 4, 5, 5, 5, 5, 5], H: [2, 5, 4, 2], LD: 2, n_ops: 10
BC: [1, 1, 1, 1, 1, 2, 2, 2, 2, 3, 3, 3, 3, 3, 4, 4, 4, 5, 5, 5, 5, 5], H: [2, 5, 3, 2, 4, 4], LD: 4, n_ops: 16
BC: [1, 1, 1, 1, 2, 2, 2, 2, 3, 3, 3, 3, 3, 4, 4, 4, 5, 5, 5, 5, 5], H: [5, 4, 3, 1, 1], LD: 1, n_ops: 21
BC: [1, 1, 1, 1, 2, 2, 2, 2, 3, 3, 3, 3, 3, 4, 4, 5, 5, 5, 5, 5], H: [2, 1, 4, 1, 5, 4], LD: 4, n_ops: 27
BC: [1, 1, 1, 2, 2, 2, 2, 3, 3, 3, 3, 3, 4, 4, 5, 5, 5, 5, 5], H: [2, 1, 5, 4, 1], LD: 1, n_ops: 32
BC: [1, 1, 1, 2, 2, 2, 2, 3, 3, 3, 3, 3, 4, 4, 5, 5, 5, 5], H: [3, 2, 5, 5], LD: 5, n_ops: 36
BC: [1, 1, 1, 2, 2, 2, 2, 3, 3, 3, 3, 4, 4, 5, 5, 5, 5], H: [4, 5, 3, 2, 5, 3], LD: 3, n_ops: 42
BC: [1, 1, 2, 2, 2, 2, 3, 3, 3, 3, 4, 4, 5, 5, 5, 5], H: [3, 4, 2, 1, 1], LD: 1, n_ops: 47
BC: [1, 1, 2, 2, 2, 2, 3, 3, 3, 3, 4, 4, 5, 5, 5], H: [5, 1, 2, 1, 3, 4, 5], LD: 5, n_ops: 54
BC: [1, 2, 2, 2, 2, 3, 3, 3, 3, 4, 4, 5, 5, 5], H: [3, 5, 1, 2, 1], LD: 1, n_ops: 59
BC: [1, 2, 2, 2, 2, 3, 3, 3, 4, 4, 5, 5, 5], H: [3, 5, 3], LD: 3, n_ops: 62
BC: [1, 2, 2, 2, 2, 3, 3, 3, 4, 4, 5, 5], H: [3, 3, 4, 5, 5], LD: 5, n_ops: 67
BC: [1, 2, 2, 2, 2, 3, 3, 3, 4, 5, 5], H: [2, 5, 3, 4, 5, 4], LD: 4, n_ops: 73
BC: [1, 2, 2, 2, 3, 3, 3, 4, 5, 5], H: [3, 2, 2], LD: 2, n_ops: 76
BC: [1, 2, 2, 2, 3, 3, 3, 4, 5], H: [3, 2, 5, 4, 5], LD: 5, n_ops: 81
BC: [1, 2, 2, 3, 3, 3, 4, 5], H: [3, 1, 2, 2], LD: 2, n_ops: 85
BC: [1, 2, 2, 3, 3, 4, 5], H: [2, 2, 5, 1, 3, 3], LD: 3, n_ops: 91
BC: [1, 2, 3, 3, 4, 5], H: [4, 1, 5, 3, 2, 3, 2], LD: 2, n_ops: 98
BC: [1, 2, 3, 4, 5], H: [2, 4, 3, 1, 5, 3], LD: 3, n_ops: 104
BC: [1, 3, 4, 5], H: [2, 1, 5, 4, 3], LD: 2, n_ops: 109
BC: [1, 3, 5], H: [4], LD: 4, n_ops: 110
BC: [3, 5], H: [1], LD: 1, n_ops: 111
BC: [3], H: [5], LD: 5, n_ops: 112
BC: [], H: [3], LD: 3, n_ops: 113
=========================
Max solution 7
BC: [1, 1, 1, 1, 1, 2, 2, 2, 2, 2, 3, 3, 3, 3, 3, 4, 4, 4, 4, 4, 5, 5, 5, 5, 5], H:, LD:, n_ops: 
BC: [1, 1, 1, 1, 1, 2, 2, 2, 2, 2, 3, 3, 3, 3, 3, 4, 4, 4, 4, 5, 5, 5, 5, 5], H: [4, 2, 3, 4], LD: 4, n_ops: 4
BC: [1, 1, 1, 1, 1, 2, 2, 2, 2, 2, 3, 3, 3, 3, 4, 4, 4, 4, 5, 5, 5, 5, 5], H: [4, 4, 1, 3, 3], LD: 3, n_ops: 9
BC: [1, 1, 1, 1, 2, 2, 2, 2, 2, 3, 3, 3, 3, 4, 4, 4, 4, 5, 5, 5, 5, 5], H: [3, 1, 5, 2, 1], LD: 1, n_ops: 14
BC: [1, 1, 1, 1, 2, 2, 2, 2, 3, 3, 3, 3, 4, 4, 4, 4, 5, 5, 5, 5, 5], H: [1, 2, 5, 1, 2], LD: 2, n_ops: 19
BC: [1, 1, 1, 1, 2, 2, 2, 2, 3, 3, 3, 3, 4, 4, 4, 4, 5, 5, 5, 5], H: [5, 4, 2, 3, 5], LD: 5, n_ops: 24
BC: [1, 1, 1, 2, 2, 2, 2, 3, 3, 3, 3, 4, 4, 4, 4, 5, 5, 5, 5], H: [5, 3, 2, 4, 1, 1], LD: 1, n_ops: 30
BC: [1, 1, 1, 2, 2, 2, 2, 3, 3, 3, 4, 4, 4, 4, 5, 5, 5, 5], H: [2, 5, 1, 4, 3, 3], LD: 3, n_ops: 36
BC: [1, 1, 1, 2, 2, 2, 3, 3, 3, 4, 4, 4, 4, 5, 5, 5, 5], H: [4, 2, 2], LD: 2, n_ops: 39
BC: [1, 1, 1, 2, 2, 2, 3, 3, 3, 4, 4, 4, 5, 5, 5, 5], H: [2, 4, 2, 5, 3, 1, 4], LD: 4, n_ops: 46
BC: [1, 1, 2, 2, 2, 3, 3, 3, 4, 4, 4, 5, 5, 5, 5], H: [5, 1, 2, 4, 1], LD: 1, n_ops: 51
BC: [1, 1, 2, 2, 3, 3, 3, 4, 4, 4, 5, 5, 5, 5], H: [4, 2, 1, 3, 5, 2], LD: 2, n_ops: 57
BC: [1, 1, 2, 2, 3, 3, 3, 4, 4, 5, 5, 5, 5], H: [5, 4, 3, 4], LD: 4, n_ops: 61
BC: [1, 1, 2, 3, 3, 3, 4, 4, 5, 5, 5, 5], H: [1, 5, 2, 2], LD: 2, n_ops: 65
BC: [1, 1, 2, 3, 3, 3, 4, 4, 5, 5, 5], H: [4, 3, 1, 5, 2, 5], LD: 5, n_ops: 71
BC: [1, 2, 3, 3, 3, 4, 4, 5, 5, 5], H: [2, 5, 1, 4, 1], LD: 1, n_ops: 76
BC: [1, 2, 3, 3, 4, 4, 5, 5, 5], H: [4, 1, 3, 2, 5, 3], LD: 3, n_ops: 82
BC: [1, 2, 3, 3, 4, 4, 5, 5], H: [4, 3, 3, 2, 5, 1, 5], LD: 5, n_ops: 89
BC: [1, 2, 3, 3, 4, 5, 5], H: [5, 1, 5, 3, 4, 2, 4], LD: 4, n_ops: 96
BC: [1, 2, 3, 4, 5, 5], H: [4, 3, 2, 5, 1, 3], LD: 3, n_ops: 102
BC: [1, 2, 3, 4, 5], H: [2, 5, 1, 5], LD: 5, n_ops: 106
BC: [1, 2, 3, 5], H: [5, 4, 2, 1, 3], LD: 4, n_ops: 111
BC: [1, 2, 3], H: [5], LD: 5, n_ops: 112
BC: [2, 3], H: [1], LD: 1, n_ops: 113
BC: [2], H: [3], LD: 3, n_ops: 114
BC: [], H: [2], LD: 2, n_ops: 115
=========================
Max solution 8
BC: [1, 1, 1, 1, 1, 2, 2, 2, 2, 2, 3, 3, 3, 3, 3, 4, 4, 4, 4, 4, 5, 5, 5, 5, 5], H:, LD:, n_ops: 
BC: [1, 1, 1, 1, 1, 2, 2, 2, 2, 2, 3, 3, 3, 3, 4, 4, 4, 4, 4, 5, 5, 5, 5, 5], H: [2, 5, 4, 1, 3, 3], LD: 3, n_ops: 6
BC: [1, 1, 1, 1, 1, 2, 2, 2, 2, 2, 3, 3, 3, 3, 4, 4, 4, 4, 4, 5, 5, 5, 5], H: [5, 1, 3, 4, 5], LD: 5, n_ops: 11
BC: [1, 1, 1, 1, 1, 2, 2, 2, 2, 2, 3, 3, 3, 3, 4, 4, 4, 4, 5, 5, 5, 5], H: [2, 4, 4], LD: 4, n_ops: 14
BC: [1, 1, 1, 1, 1, 2, 2, 2, 2, 3, 3, 3, 3, 4, 4, 4, 4, 5, 5, 5, 5], H: [4, 3, 1, 4, 2, 2], LD: 2, n_ops: 20
BC: [1, 1, 1, 1, 2, 2, 2, 2, 3, 3, 3, 3, 4, 4, 4, 4, 5, 5, 5, 5], H: [5, 3, 2, 1, 2, 1], LD: 1, n_ops: 26
BC: [1, 1, 1, 1, 2, 2, 2, 2, 3, 3, 3, 3, 4, 4, 4, 4, 5, 5, 5], H: [1, 4, 3, 1, 5, 2, 5], LD: 5, n_ops: 33
BC: [1, 1, 1, 1, 2, 2, 2, 2, 3, 3, 3, 4, 4, 4, 4, 5, 5, 5], H: [4, 3, 5, 2, 1, 3], LD: 3, n_ops: 39
BC: [1, 1, 1, 1, 2, 2, 2, 3, 3, 3, 4, 4, 4, 4, 5, 5, 5], H: [2, 5, 2], LD: 2, n_ops: 42
BC: [1, 1, 1, 1, 2, 2, 2, 3, 3, 3, 4, 4, 4, 5, 5, 5], H: [2, 5, 3, 2, 4, 4], LD: 4, n_ops: 48
BC: [1, 1, 1, 1, 2, 2, 2, 3, 3, 4, 4, 4, 5, 5, 5], H: [4, 2, 1, 3, 3], LD: 3, n_ops: 53
BC: [1, 1, 1, 1, 2, 2, 2, 3, 3, 4, 4, 4, 5, 5], H: [3, 5, 1, 4, 5], LD: 5, n_ops: 58
BC: [1, 1, 1, 2, 2, 2, 3, 3, 4, 4, 4, 5, 5], H: [4, 1, 5, 1], LD: 1, n_ops: 62
BC: [1, 1, 1, 2, 2, 3, 3, 4, 4, 4, 5, 5], H: [2, 5, 3, 1, 1, 4, 2], LD: 2, n_ops: 69
BC: [1, 1, 1, 2, 2, 3, 3, 4, 4, 5, 5], H: [5, 3, 4, 4], LD: 4, n_ops: 73
BC: [1, 1, 2, 2, 3, 3, 4, 4, 5, 5], H: [3, 1, 2, 4, 4, 5, 1], LD: 1, n_ops: 80
BC: [1, 1, 2, 2, 3, 4, 4, 5, 5], H: [1, 5, 2, 1, 3, 4, 3], LD: 3, n_ops: 87
BC: [1, 2, 2, 3, 4, 4, 5, 5], H: [3, 4, 1, 5, 1], LD: 1, n_ops: 92
BC: [1, 2, 3, 4, 4, 5, 5], H: [5, 2, 2], LD: 2, n_ops: 95
BC: [1, 2, 3, 4, 5, 5], H: [5, 2, 4, 3, 1, 4], LD: 4, n_ops: 101
BC: [1, 2, 3, 4, 5], H: [1, 2, 5, 4, 3, 5], LD: 5, n_ops: 107
BC: [1, 3, 4, 5], H: [2, 1, 4, 3, 5], LD: 2, n_ops: 112
BC: [1, 3, 5], H: [4], LD: 4, n_ops: 113
BC: [3, 5], H: [1], LD: 1, n_ops: 114
BC: [3], H: [5], LD: 5, n_ops: 115
BC: [], H: [3], LD: 3, n_ops: 116
=========================
Max solution 9
BC: [1, 1, 1, 1, 1, 2, 2, 2, 2, 2, 3, 3, 3, 3, 3, 4, 4, 4, 4, 4, 5, 5, 5, 5, 5], H:, LD:, n_ops: 
BC: [1, 1, 1, 1, 1, 2, 2, 2, 2, 2, 3, 3, 3, 3, 3, 4, 4, 4, 4, 4, 5, 5, 5, 5], H: [3, 2, 1, 5, 5], LD: 5, n_ops: 5
BC: [1, 1, 1, 1, 1, 2, 2, 2, 2, 3, 3, 3, 3, 3, 4, 4, 4, 4, 4, 5, 5, 5, 5], H: [2, 1, 4, 2], LD: 2, n_ops: 9
BC: [1, 1, 1, 1, 1, 2, 2, 2, 2, 3, 3, 3, 3, 3, 4, 4, 4, 4, 5, 5, 5, 5], H: [2, 1, 4, 2, 5, 2, 4], LD: 4, n_ops: 16
BC: [1, 1, 1, 1, 2, 2, 2, 2, 3, 3, 3, 3, 3, 4, 4, 4, 4, 5, 5, 5, 5], H: [1, 2, 5, 4, 1], LD: 1, n_ops: 21
BC: [1, 1, 1, 1, 2, 2, 2, 2, 3, 3, 3, 3, 4, 4, 4, 4, 5, 5, 5, 5], H: [1, 1, 3, 4, 5, 3], LD: 3, n_ops: 27
BC: [1, 1, 1, 1, 2, 2, 2, 3, 3, 3, 3, 4, 4, 4, 4, 5, 5, 5, 5], H: [5, 3, 3, 3, 3, 2, 4, 2], LD: 2, n_ops: 35
BC: [1, 1, 1, 1, 2, 2, 2, 3, 3, 3, 3, 4, 4, 4, 4, 5, 5, 5], H: [5, 2, 1, 2, 4, 5], LD: 5, n_ops: 41
BC: [1, 1, 1, 2, 2, 2, 3, 3, 3, 3, 4, 4, 4, 4, 5, 5, 5], H: [3, 5, 1, 5, 1], LD: 1, n_ops: 46
BC: [1, 1, 1, 2, 2, 2, 3, 3, 3, 3, 4, 4, 4, 5, 5, 5], H: [4, 2, 4], LD: 4, n_ops: 49
BC: [1, 1, 1, 2, 2, 2, 3, 3, 3, 3, 4, 4, 4, 5, 5], H: [3, 4, 1, 2, 4, 5, 5], LD: 5, n_ops: 56
BC: [1, 1, 1, 2, 2, 2, 3, 3, 3, 3, 4, 4, 5, 5], H: [3, 4, 4], LD: 4, n_ops: 59
BC: [1, 1, 2, 2, 2, 3, 3, 3, 3, 4, 4, 5, 5], H: [3, 1, 4, 2, 1], LD: 1, n_ops: 64
BC: [1, 1, 2, 2, 2, 3, 3, 3, 4, 4, 5, 5], H: [2, 5, 1, 3, 3], LD: 3, n_ops: 69
BC: [1, 2, 2, 2, 3, 3, 3, 4, 4, 5, 5], H: [2, 5, 3, 4, 3, 1, 1], LD: 1, n_ops: 76
BC: [1, 2, 2, 2, 3, 3, 4, 4, 5, 5], H: [3, 3], LD: 3, n_ops: 78
BC: [1, 2, 2, 3, 3, 4, 4, 5, 5], H: [3, 5, 1, 3, 2, 4, 2], LD: 2, n_ops: 85
BC: [1, 2, 2, 3, 3, 4, 4, 5], H: [2, 5, 4, 5], LD: 5, n_ops: 89
BC: [1, 2, 2, 3, 3, 4, 5], H: [5, 1, 2, 3, 4, 4], LD: 4, n_ops: 95
BC: [1, 2, 3, 3, 4, 5], H: [1, 3, 4, 2, 2], LD: 2, n_ops: 100
BC: [1, 2, 3, 4, 5], H: [3, 2, 5, 3], LD: 3, n_ops: 104
BC: [1, 2, 3, 4], H: [3, 5, 4, 2, 1], LD: 5, n_ops: 109
BC: [2, 3, 4], H: [1], LD: 1, n_ops: 110
BC: [3, 4], H: [2], LD: 2, n_ops: 111
BC: [3], H: [4], LD: 4, n_ops: 112
BC: [], H: [3], LD: 3, n_ops: 113
=========================
Max solution 10
BC: [1, 1, 1, 1, 1, 2, 2, 2, 2, 2, 3, 3, 3, 3, 3, 4, 4, 4, 4, 4, 5, 5, 5, 5, 5], H:, LD:, n_ops: 
BC: [1, 1, 1, 1, 1, 2, 2, 2, 2, 2, 3, 3, 3, 3, 3, 4, 4, 4, 4, 5, 5, 5, 5, 5], H: [1, 5, 2, 3, 4, 4], LD: 4, n_ops: 6
BC: [1, 1, 1, 1, 2, 2, 2, 2, 2, 3, 3, 3, 3, 3, 4, 4, 4, 4, 5, 5, 5, 5, 5], H: [4, 5, 3, 1, 1], LD: 1, n_ops: 11
BC: [1, 1, 1, 1, 2, 2, 2, 2, 2, 3, 3, 3, 3, 3, 4, 4, 4, 4, 5, 5, 5, 5], H: [4, 1, 2, 5, 3, 1, 5], LD: 5, n_ops: 18
BC: [1, 1, 1, 1, 2, 2, 2, 2, 2, 3, 3, 3, 3, 3, 4, 4, 4, 5, 5, 5, 5], H: [2, 4, 5, 3, 4], LD: 4, n_ops: 23
BC: [1, 1, 1, 1, 2, 2, 2, 2, 3, 3, 3, 3, 3, 4, 4, 4, 5, 5, 5, 5], H: [2, 4, 3, 1, 2], LD: 2, n_ops: 28
BC: [1, 1, 1, 2, 2, 2, 2, 3, 3, 3, 3, 3, 4, 4, 4, 5, 5, 5, 5], H: [2, 1, 3, 2, 1], LD: 1, n_ops: 33
BC: [1, 1, 1, 2, 2, 2, 2, 3, 3, 3, 3, 3, 4, 4, 4, 5, 5, 5], H: [5, 1, 5], LD: 5, n_ops: 36
BC: [1, 1, 1, 2, 2, 2, 3, 3, 3, 3, 3, 4, 4, 4, 5, 5, 5], H: [3, 5, 2, 1, 2], LD: 2, n_ops: 41
BC: [1, 1, 1, 2, 2, 2, 3, 3, 3, 3, 4, 4, 4, 5, 5, 5], H: [4, 2, 5, 1, 3, 3], LD: 3, n_ops: 47
BC: [1, 1, 2, 2, 2, 3, 3, 3, 3, 4, 4, 4, 5, 5, 5], H: [3, 4, 5, 3, 2, 3, 1, 3, 1], LD: 1, n_ops: 56
BC: [1, 1, 2, 2, 3, 3, 3, 3, 4, 4, 4, 5, 5, 5], H: [2, 4, 3, 5, 1, 1, 2], LD: 2, n_ops: 63
BC: [1, 1, 2, 2, 3, 3, 3, 3, 4, 4, 5, 5, 5], H: [4, 3, 4], LD: 4, n_ops: 66
BC: [1, 1, 2, 2, 3, 3, 3, 4, 4, 5, 5, 5], H: [4, 3, 2, 5, 3], LD: 3, n_ops: 71
BC: [1, 1, 2, 3, 3, 3, 4, 4, 5, 5, 5], H: [5, 2, 3, 1, 4, 3, 2], LD: 2, n_ops: 78
BC: [1, 1, 2, 3, 3, 4, 4, 5, 5, 5], H: [1, 5, 3, 3], LD: 3, n_ops: 82
BC: [1, 1, 2, 3, 3, 4, 4, 5, 5], H: [4, 5, 3, 5], LD: 5, n_ops: 86
BC: [1, 2, 3, 3, 4, 4, 5, 5], H: [1, 5, 4, 2, 1], LD: 1, n_ops: 91
BC: [1, 2, 3, 3, 4, 5, 5], H: [1, 2, 5, 4, 3, 4], LD: 4, n_ops: 97
BC: [1, 2, 3, 3, 4, 5], H: [3, 1, 5, 5], LD: 5, n_ops: 101
BC: [1, 2, 3, 4, 5], H: [5, 3, 4, 2, 1, 3], LD: 3, n_ops: 107
BC: [1, 2, 3, 4], H: [5, 4, 1, 3, 2], LD: 5, n_ops: 112
BC: [2, 3, 4], H: [1], LD: 1, n_ops: 113
BC: [2, 3], H: [4], LD: 4, n_ops: 114
BC: [3], H: [2], LD: 2, n_ops: 115
BC: [], H: [3], LD: 3, n_ops: 116
=========================
Max solution 11
BC: [1, 1, 1, 1, 1, 2, 2, 2, 2, 2, 3, 3, 3, 3, 3, 4, 4, 4, 4, 4, 5, 5, 5, 5, 5], H:, LD:, n_ops: 
BC: [1, 1, 1, 1, 2, 2, 2, 2, 2, 3, 3, 3, 3, 3, 4, 4, 4, 4, 4, 5, 5, 5, 5, 5], H: [5, 3, 1, 1], LD: 1, n_ops: 4
BC: [1, 1, 1, 1, 2, 2, 2, 2, 2, 3, 3, 3, 3, 4, 4, 4, 4, 4, 5, 5, 5, 5, 5], H: [2, 3, 1, 3], LD: 3, n_ops: 8
BC: [1, 1, 1, 1, 2, 2, 2, 2, 3, 3, 3, 3, 4, 4, 4, 4, 4, 5, 5, 5, 5, 5], H: [2, 5, 1, 4, 2], LD: 2, n_ops: 13
BC: [1, 1, 1, 1, 2, 2, 2, 2, 3, 3, 3, 3, 4, 4, 4, 4, 4, 5, 5, 5, 5], H: [3, 2, 5, 1, 4, 2, 5], LD: 5, n_ops: 20
BC: [1, 1, 1, 1, 2, 2, 2, 2, 3, 3, 3, 3, 4, 4, 4, 4, 5, 5, 5, 5], H: [4, 2, 5, 1, 4], LD: 4, n_ops: 25
BC: [1, 1, 1, 1, 2, 2, 2, 3, 3, 3, 3, 4, 4, 4, 4, 5, 5, 5, 5], H: [1, 4, 2, 4, 3, 4, 5, 2], LD: 2, n_ops: 33
BC: [1, 1, 1, 1, 2, 2, 2, 3, 3, 3, 4, 4, 4, 4, 5, 5, 5, 5], H: [2, 4, 3, 2, 5, 1, 3], LD: 3, n_ops: 40
BC: [1, 1, 1, 1, 2, 2, 2, 3, 3, 3, 4, 4, 4, 5, 5, 5, 5], H: [4, 2, 1, 4], LD: 4, n_ops: 44
BC: [1, 1, 1, 1, 2, 2, 3, 3, 3, 4, 4, 4, 5, 5, 5, 5], H: [2, 5, 4, 1, 3, 2], LD: 2, n_ops: 50
BC: [1, 1, 1, 1, 2, 2, 3, 3, 4, 4, 4, 5, 5, 5, 5], H: [1, 3, 4, 3], LD: 3, n_ops: 54
BC: [1, 1, 1, 1, 2, 2, 3, 3, 4, 4, 5, 5, 5, 5], H: [4, 2, 1, 3, 4], LD: 4, n_ops: 59
BC: [1, 1, 1, 2, 2, 3, 3, 4, 4, 5, 5, 5, 5], H: [4, 4, 1, 3, 2, 5, 1], LD: 1, n_ops: 66
BC: [1, 1, 1, 2, 2, 3, 3, 4, 4, 5, 5, 5], H: [1, 3, 2, 5, 5], LD: 5, n_ops: 71
BC: [1, 1, 1, 2, 2, 3, 3, 4, 5, 5, 5], H: [2, 3, 1, 5, 4, 4], LD: 4, n_ops: 77
BC: [1, 1, 2, 2, 3, 3, 4, 5, 5, 5], H: [5, 1, 1], LD: 1, n_ops: 80
BC: [1, 1, 2, 2, 3, 4, 5, 5, 5], H: [3, 4, 5, 3], LD: 3, n_ops: 84
BC: [1, 1, 2, 3, 4, 5, 5, 5], H: [2, 1, 5, 2], LD: 2, n_ops: 88
BC: [1, 1, 2, 3, 4, 5, 5], H: [5, 1, 2, 5], LD: 5, n_ops: 92
BC: [1, 2, 3, 4, 5, 5], H: [5, 4, 5, 3, 2, 1, 1], LD: 1, n_ops: 99
BC: [1, 2, 3, 4, 5], H: [5, 3, 4, 2, 5], LD: 5, n_ops: 104
BC: [1, 2, 4, 5], H: [3, 2, 1, 5, 4], LD: 3, n_ops: 109
BC: [2, 4, 5], H: [1], LD: 1, n_ops: 110
BC: [2, 4], H: [5], LD: 5, n_ops: 111
BC: [2], H: [4], LD: 4, n_ops: 112
BC: [], H: [2], LD: 2, n_ops: 113
=========================
